Baseline best run: seed 42
Chromosome: 1101111111111111111101110111001110011101010110110101111111011101111111001110011011110101111101000100
Selected items (1-based ids): [1, 2, 4, 5, 6, 7, 8, 9, 10, 11, 12, 13, 14, 15, 16, 17, 18, 19, 20, 22, 23, 24, 26, 27, 28, 31, 32, 33, 36, 37, 38, 40, 42, 44, 45, 47, 48, 50, 52, 53, 54, 55, 56, 57, 58, 60, 61, 62, 64, 65, 66, 67, 68, 69, 70, 73, 74, 75, 78, 79, 81, 82, 83, 84, 86, 88, 89, 90, 91, 92, 94, 98]
Number of items selected: 72
Total value: 67165
Total weight: 17685
Capacity: 17689
Feasible: True
Fitness: 67165
Known optimum: 67165
